RMSE: 143.820436051222 
MAE: 15.6156965442739
